
bestPath=[27    39    44    40    36    49    30    47    34    42    28    46    48    33    45    38    41    35    43    31    25    32    50    26     1    13     9    10     4     5    18     3    11     6    15    12     2    14    22    17    23    24     7    19    20     8    16    21    29    37];
